    0.1652   -0.3644
    0.3870    0.1015
   -0.3857    0.1099
   -0.3673   -0.1612
    0.1698    0.3634
    0.3990   -0.0456
   -0.3988   -0.0494
   -0.1931   -0.3526
    0.2392    0.3232
   -0.3987   -0.0585
    0.1767    0.3622
    0.3815   -0.1311
   -0.4017   -0.0393
   -0.3993    0.0599
   -0.3968   -0.0814
    0.2341   -0.3317
    0.0370    0.4051
   -0.2250   -0.3390
   -0.3530    0.2039
   -0.3495   -0.2111
    0.2524    0.3220
   -0.1794    0.3677
   -0.1147    0.3937
   -0.1870    0.3651
    0.0568   -0.4067
   -0.1812    0.3692
   -0.1297    0.3923
    0.3925    0.1320
    0.2314   -0.3444
   -0.0823    0.4069
   -0.3255   -0.2577
    0.3105   -0.2757
   -0.3082    0.2810
    0.2632    0.3263
    0.0449   -0.4180
   -0.2029    0.3688
   -0.1640   -0.3882
    0.3399    0.2491
    0.4166    0.0639
   -0.1594   -0.3904
    0.4220   -0.0206
   -0.3871    0.1694
   -0.0941    0.4121
    0.4232   -0.0079
    0.3952   -0.1528
    0.1288   -0.4038
   -0.2191    0.3634
    0.4007   -0.1481
    0.2856    0.3197
   -0.4077   -0.1347
    0.2422   -0.3552
    0.2751    0.3314
   -0.2625   -0.3416
   -0.4135    0.1267
   -0.4318    0.0336
   -0.4101    0.1395
   -0.3642   -0.2347
   -0.4132   -0.1308
    0.2147    0.3769
   -0.1722    0.3991
    0.4263    0.0871
    0.2981    0.3187
   -0.4165   -0.1309
    0.4164    0.1329
   -0.1656   -0.4057
    0.1088    0.4251
   -0.2673   -0.3486
   -0.4298    0.0942
    0.3976    0.1891
   -0.0910   -0.4315
   -0.3234    0.3000
   -0.3327    0.2898
   -0.3984   -0.1905
    0.3490    0.2706
    0.2059   -0.3914
   -0.4307   -0.1067
   -0.4411   -0.0571
    0.1520   -0.4188
   -0.4429   -0.0493
   -0.4324    0.1107
   -0.4116   -0.1730
   -0.4466    0.0266
   -0.0602   -0.4435
    0.0510    0.4449
   -0.2718    0.3574
    0.0018   -0.4492
    0.3032   -0.3325
   -0.1709    0.4163
    0.2123    0.3972
   -0.4362   -0.1133
   -0.4460    0.0696
   -0.0801   -0.4446
   -0.1370    0.4306
   -0.3222    0.3178
    0.2497    0.3780
    0.0339    0.4519
    0.2080    0.4037
    0.4098   -0.1962
    0.1575    0.4273
   -0.3830    0.2466
    0.4034    0.2116
   -0.4314    0.1462
   -0.1952   -0.4118
   -0.4544   -0.0369
   -0.1424    0.4332
   -0.2895   -0.3528
    0.2084    0.4071
    0.2300   -0.3953
   -0.4579   -0.0111
    0.0541    0.4548
   -0.4239   -0.1740
   -0.1963    0.4145
    0.2363    0.3931
    0.0517   -0.4561
    0.3413    0.3072
   -0.2625   -0.3770
    0.2363    0.3939
    0.1555   -0.4329
    0.4549   -0.0682
   -0.2633    0.3777
    0.2099   -0.4099
    0.2125   -0.4086
   -0.2713   -0.3724
    0.0822    0.4539
   -0.2075   -0.4120
    0.1982    0.4170
    0.4319    0.1667
   -0.3210    0.3358
    0.3968    0.2428
    0.4574    0.0860
    0.4180   -0.2048
   -0.1176    0.4506
    0.1748   -0.4325
   -0.3642    0.2946
   -0.3874   -0.2656
    0.1140   -0.4559
    0.4701    0.0008
   -0.2374   -0.4064
   -0.0636    0.4665
    0.4180   -0.2177
    0.3000    0.3637
    0.1925   -0.4304
    0.4611   -0.1026
    0.1586    0.4456
   -0.4731   -0.0103
   -0.0607   -0.4693
    0.4424    0.1682
   -0.4738    0.0068
    0.4559   -0.1309
   -0.4433    0.1693
    0.4737    0.0308
    0.4673   -0.0899
    0.4321   -0.2004
    0.2374    0.4133
   -0.3943   -0.2700
   -0.1779    0.4438
    0.0342   -0.4773
    0.4776   -0.0299
    0.0191   -0.4783
   -0.4635    0.1209
   -0.4770    0.0440
   -0.4780    0.0328
   -0.3826   -0.2886
   -0.4506   -0.1631
    0.4362   -0.1988
    0.2812   -0.3883
   -0.0404    0.4782
    0.3385    0.3412
    0.3134    0.3646
   -0.2942    0.3814
   -0.4021   -0.2675
   -0.0345   -0.4819
    0.2593    0.4093
   -0.4809   -0.0593
   -0.4811    0.0600
    0.2179   -0.4333
   -0.4234    0.2383
   -0.4307   -0.2251
   -0.3972    0.2804
   -0.3025    0.3810
   -0.4850   -0.0436
    0.3988    0.2797
   -0.4865    0.0249
    0.0141    0.4876
   -0.4680    0.1466
    0.1918    0.4514
    0.3817   -0.3081
   -0.4890    0.0393
   -0.0943    0.4816
   -0.1114   -0.4784
   -0.4014   -0.2841
    0.4784    0.1154
   -0.4393    0.2248
   -0.4734   -0.1403
   -0.2913   -0.3989
   -0.2843    0.4044
   -0.4701   -0.1531
   -0.4339   -0.2386
    0.1853   -0.4594
    0.2900    0.4017
    0.2741    0.4135
    0.4724   -0.1526
    0.2379   -0.4359
   -0.4485    0.2133
   -0.2473    0.4326
    0.4876    0.1028
    0.4096   -0.2850
   -0.2134    0.4514
   -0.3620    0.3447
   -0.9283   -0.0565
   -0.3129    0.8760
   -0.8882   -0.2766
   -0.8248   -0.4302
    0.9300    0.0342
   -0.1343   -0.9210
   -0.7866   -0.4974
    0.6436   -0.6723
   -0.0751    0.9278
    0.9244   -0.1107
    0.2333   -0.9014
   -0.7225    0.5875
    0.0369    0.9310
   -0.3677    0.8562
    0.4801   -0.7988
   -0.9032    0.2304
    0.1286    0.9234
    0.6662   -0.6525
   -0.8077   -0.4661
    0.6700   -0.6487
   -0.8167   -0.4511
    0.7304    0.5809
   -0.8789   -0.3142
   -0.0459    0.9324
    0.3957    0.8459
    0.7436   -0.5656
   -0.9195   -0.1664
   -0.9089    0.2216
    0.5065   -0.7866
   -0.6202    0.7006
   -0.4901    0.7975
   -0.2088   -0.9126
    0.8359    0.4227
   -0.0285   -0.9365
    0.4542    0.8201
   -0.2159    0.9124
    0.8943    0.2820
    0.7962   -0.4958
   -0.2785   -0.8958
   -0.1490   -0.9265
   -0.0014   -0.9385
    0.6303    0.6966
    0.4790   -0.8082
   -0.8498   -0.4015
   -0.1504   -0.9282
    0.2304    0.9118
   -0.6005    0.7240
    0.3583    0.8699
    0.3974    0.8528
   -0.6822   -0.6482
   -0.8559   -0.3915
    0.9412   -0.0193
    0.1504   -0.9294
    0.4423    0.8312
   -0.1086    0.9355
    0.6487    0.6829
    0.9423   -0.0095
   -0.5658   -0.7537
   -0.8259    0.4545
    0.8917   -0.3059
    0.7237    0.6041
    0.9193   -0.2096
    0.9391   -0.0855
   -0.4277    0.8411
    0.3430   -0.8791
    0.9353   -0.1260
   -0.8423   -0.4274
    0.5548    0.7663
    0.3985   -0.8581
    0.7629    0.5596
   -0.9334    0.1547
    0.3469   -0.8803
   -0.5194   -0.7913
    0.9466    0.0085
    0.9166   -0.2364
   -0.1691   -0.9315
    0.4228    0.8470
    0.8099   -0.4903
    0.8751    0.3616
    0.2712    0.9075
    0.0598    0.9453
    0.6752    0.6645
    0.9447    0.0741
   -0.6712   -0.6695
   -0.1451    0.9371
   -0.2934   -0.9018
   -0.9225    0.2201
   -0.8755   -0.3659
    0.1303    0.9406
   -0.9322    0.1821
   -0.7693   -0.5577
    0.1667   -0.9356
   -0.9400   -0.1415
    0.9123    0.2679
   -0.1495    0.9395
    0.5237   -0.7946
    0.9080   -0.2858
   -0.9487    0.0795
   -0.8450   -0.4406
    0.0854    0.9493
    0.8302   -0.4690
    0.8390   -0.4529
    0.7884   -0.5364
    0.8912    0.3395
    0.8097    0.5046
    0.1291   -0.9457
    0.6301    0.7171
   -0.9163    0.2683
    0.5514    0.7797
   -0.7030   -0.6465
    0.3479    0.8897
   -0.4697    0.8320
   -0.4462    0.8451
   -0.1572   -0.9429
    0.1939   -0.9360
   -0.9335    0.2066
    0.9341   -0.2048
    0.8929   -0.3438
   -0.4266    0.8566
   -0.8184   -0.4961
   -0.2119    0.9333
    0.7644    0.5759
   -0.9283    0.2337
   -0.1835    0.9406
   -0.7693   -0.5714
    0.2181   -0.9336
   -0.8820   -0.3759
   -0.3425   -0.8955
   -0.7289   -0.6230
   -0.9395   -0.1927
   -0.6327    0.7210
   -0.1456    0.9485
   -0.5612    0.7788
    0.9599    0.0115
    0.8111    0.5137
    0.0135    0.9601
   -0.7948   -0.5394
   -0.3211    0.9055
    0.9230   -0.2670
   -0.0157   -0.9609
   -0.4955   -0.8237
   -0.8553    0.4389
   -0.8588   -0.4333
   -0.4326    0.8599
    0.9171   -0.2935
    0.9547    0.1270
   -0.1531    0.9509
   -0.9610    0.0723
    0.8034   -0.5324
   -0.8191   -0.5085
    0.1594    0.9514
    0.4209   -0.8680
    0.9417   -0.2110
    0.7570   -0.5990
   -0.2977   -0.9186
   -0.9657   -0.0378
    0.9092    0.3281
   -0.6433    0.7216
   -0.7352   -0.6277
    0.1776    0.9503
   -0.6569   -0.7095
    0.9639    0.0768
   -0.3141    0.9145
    0.6565   -0.7101
    0.8335   -0.4907
    0.5429   -0.8007
    0.9008   -0.3528
   -0.9378   -0.2395
   -0.9590   -0.1324
   -0.2312   -0.9407
   -0.9155    0.3172
   -0.0940   -0.9646
   -0.2563   -0.9347
   -0.0901   -0.9653
    0.8540   -0.4593
    0.1021    0.9647
    0.1332    0.9610
   -0.8591    0.4509
   -0.3393    0.9091
   -0.7344    0.6345
   -0.4522   -0.8588
   -0.9633   -0.1187
   -0.9637   -0.1196
   -0.5000   -0.8331
    0.7485   -0.6197
   -0.9356   -0.2634
    0.8112    0.5355
   -0.7870    0.5704
   -0.8697   -0.4341
    0.4354   -0.8694
   -0.8959   -0.3785
   -0.4902    0.8400
   -0.8699    0.4353
   -0.9213    0.3123
    0.6615    0.7134
    0.0663    0.9707
   -0.6731    0.7032
    0.1664    0.9591
    0.9019    0.3668
    0.1870   -0.9556
   -0.4605   -0.8581
    0.8994   -0.3740
    0.9449    0.2367
    0.6400    0.7350
    0.3307   -0.9169
   -0.9731   -0.0638
    0.9190   -0.3261
    0.5768    0.7865
   -0.8603    0.4599
    0.9636    0.1527
   -0.9523    0.2129
   -0.9723    0.0852
    0.9518   -0.2167
   -0.6112    0.7611
   -0.3869   -0.8962
   -0.9212    0.3238
    0.6989   -0.6821
    0.7008   -0.6801
   -0.9674    0.1343
    0.8639   -0.4558
    0.0870   -0.9736
   -0.1565   -0.9652
    0.9747   -0.0787
    0.6837    0.6994
    0.8420   -0.4990
    0.9027    0.3783
   -0.8410    0.5017
   -0.5564   -0.8059
   -0.7694   -0.6058
    0.6787   -0.7061
   -0.0567    0.9781
   -0.9712    0.1289
   -0.8826   -0.4254
    0.0012   -0.9799
   -0.8234    0.5312
    0.9434    0.2651
    0.1458   -0.9694
   -0.0584    0.9788
    0.3739    0.9067
    0.5343   -0.8231
   -0.7643    0.6157
    0.9764    0.0999
    0.0595    0.9801
   -0.9724   -0.1415
   -0.9131    0.3638
    0.3657   -0.9127
    0.2473    0.9517
    0.4572   -0.8706
    0.9641   -0.1965
   -0.7301    0.6599
    0.7818    0.5981
    0.9584   -0.2255
    0.9818    0.0764
    0.5591   -0.8107
   -0.0228   -0.9847
    0.5270    0.8323
    0.9433    0.2848
    0.9843   -0.0522
    0.9638    0.2074
    0.3457   -0.9238
    0.9810    0.1036
   -0.2858   -0.9446
   -0.6237   -0.7649
    0.9721    0.1736
    0.9863   -0.0492
   -0.1991   -0.9674
    0.9675    0.1985
   -0.9876   -0.0206
   -0.5189   -0.8406
   -0.3637    0.9188
    0.5199    0.8406
    0.6471    0.7475
   -0.9887    0.0037
    0.9237   -0.3527
   -0.4960   -0.8560
   -0.7503   -0.6455
    0.9587   -0.2463
    0.1382   -0.9802
   -0.7956    0.5894
   -0.2776   -0.9511
    0.3656   -0.9209
    0.2139   -0.9677
    0.4388   -0.8891
    0.8335    0.5393
   -0.7313    0.6719
    0.0545    0.9918
    0.9915   -0.0614
    0.4937   -0.8625
   -0.9307    0.3492
   -0.0657    0.9921
   -0.8305   -0.5480
    0.3490    0.9319
    0.9949   -0.0279
   -0.5442    0.8334
    0.3940    0.9142
    0.3893    0.9165
    0.9654    0.2442
    0.4825    0.8712
   -0.8550    0.5110
    0.7613    0.6425
    0.9229    0.3764
   -0.9030    0.4228
   -0.9858    0.1513
    0.4026   -0.9125
   -0.6835   -0.7270
    0.9227    0.3803
   -0.3461   -0.9364
    0.7619   -0.6450
   -0.2647   -0.9628
    0.5399   -0.8402
   -0.4162   -0.9079
    0.9090    0.4141
   -0.6373    0.7693
    0.7114    0.7014
   -0.7399    0.6717
   -0.9994   -0.0069
    0.2624    0.9649
    0.4217   -0.9067