    1.4212   -1.4807   -0.1531
    0.2236    2.2718   -0.0533
   -1.0439   -1.8809   -0.2157
    1.8849   -1.2698    0.0255
    1.9118    0.2092   -0.0464
   -1.6400    0.5814   -0.0791
    1.5681   -1.3457   -0.0790
   -0.3179    1.7288   -0.0348
   -0.3133   -1.8709   -0.0289
   -1.8396   -0.1449    0.1682
    1.1693    1.7893   -0.1607
    2.0121    0.5347   -0.2513
   -1.5979   -1.1034   -0.2238
    1.8267    0.2932   -0.1647
   -0.9538    1.5057    0.1421
   -0.4740   -1.9330    0.2085
    1.5630   -1.0202   -0.0120
   -1.3059    1.2650    0.1186
   -1.6130    0.9618    0.0843
    1.3160   -1.2718   -0.0071
   -1.3163    1.2094    0.0401
   -1.2499   -1.6319    0.1688
   -1.2052   -1.2072    0.0129
    0.3630    1.9223   -0.2268
    1.2496   -1.3569   -0.1874
    0.9306   -1.9124   -0.1748
    0.1174   -1.9967    0.0456
   -1.4629   -1.0457    0.0111
    1.6994   -1.3775   -0.0622
    0.3531   -2.1563   -0.1898
    1.5766   -0.7165    0.0100
   -0.2537   -1.9512    0.2018
    1.9235    0.3776   -0.1263
    2.0701    0.4370    0.2709
   -2.0476   -0.8329    0.0774
   -2.0647    0.9849   -0.0341
   -0.4519    1.9850    0.2813
   -0.8764    1.7919   -0.1812
   -1.8859   -0.1622    0.2296
   -0.4414   -1.7136    0.1396
   -1.4709   -1.3388    0.2661
    0.5596    1.9450   -0.1964
    2.0067    0.8215   -0.0121
    0.6478   -1.8395    0.0146
   -0.9015   -1.9369    0.2626
   -1.7166   -1.1756    0.2452
   -1.4309   -1.6054    0.0124
    1.7211    0.6532   -0.1146
   -2.0492    0.1115    0.1385
    0.1034   -2.1995    0.1764
   -1.0091    1.4301    0.0881
   -1.9603   -0.8630    0.2088
    1.7655    1.3655   -0.0420
   -1.7890   -0.7081    0.2132
   -0.3453    2.0014   -0.0929
    1.8516    0.3634   -0.2003
    0.4367    1.9259   -0.0874
    1.7082   -0.6798   -0.0578
   -1.6992    0.2965    0.1030
    1.9553    0.1826   -0.0919
   -1.0557    1.7139    0.1849
    1.5042    0.8543    0.0368
    1.8479   -0.6709    0.2951
   -1.9427   -0.2371   -0.1455
   -2.0011   -0.2334    0.1228
    1.2958    1.2634    0.1562
   -1.6888   -0.7178    0.1077
   -0.0031    2.1134    0.2575
    1.8437   -0.1629    0.0431
   -1.8174   -0.2971   -0.2027
    0.1308   -1.8826   -0.1819
    0.0095    1.8619   -0.1977
   -1.1118   -1.6286    0.2255
    0.2536    1.8735   -0.0561
    1.9310   -0.7483    0.0941
    1.4366    1.1740   -0.0108
    1.6402    1.2851   -0.1084
    2.0986   -0.3186    0.2717
    1.6272   -0.8784    0.2257
   -0.3806    1.9773    0.0896
   -1.8368    0.7240   -0.1427
    0.4600   -1.9022    0.0052
    0.8858   -1.7213    0.2709
    1.5915    0.8667    0.1588
   -1.6287   -0.9506    0.1046
   -0.0446   -1.9493    0.1174
    0.4324   -1.8775    0.1752
    1.9445   -0.1079   -0.0107
    1.8989    0.5579    0.2566
    1.6505   -1.0305   -0.1536
    1.9912    1.1500   -0.0106
    0.8745   -2.0740    0.0578
    0.7407    2.0496   -0.0049
    1.3708    1.0518   -0.0310
   -0.1303    2.2300   -0.1240
    1.0927    1.5703   -0.1072
    2.0194   -0.3134    0.2114
    0.7631    2.0515   -0.0367
    1.7999   -0.5538    0.0872
   -0.5108   -1.7526    0.1229
   -1.8934   -1.1666   -0.0739
    1.8493    0.5178   -0.1431
    1.5339   -1.5231    0.0167
   -0.5803    2.1931    0.0275
   -1.9716    0.4496   -0.0729
   -0.2644    2.2290    0.0818
    1.8363    0.0201   -0.0002
    0.2663   -1.8872    0.2012
    1.2128    1.6973    0.1656
    1.5577   -0.7310    0.0487
   -1.3797   -1.1271   -0.1072
    0.3018    2.1428   -0.2391
    1.8366    1.0158   -0.2360
    1.0724    1.5032   -0.1317
   -2.1140    0.0143   -0.1629
   -0.4013    2.1043   -0.2221
   -1.4672    1.6455    0.0052
   -1.7550    0.4244   -0.0602
   -1.0466    1.6949   -0.0770
    1.8511   -0.6151    0.1564
    0.9962    1.6169    0.2227
   -1.9449    0.3849   -0.1305
   -0.3572    2.0046   -0.2894
   -0.9035    1.9684    0.1457
    1.3644   -1.2955    0.0623
    1.1358   -1.4065    0.0424
   -1.8955    0.5253    0.2645
   -0.1636    1.8811    0.1692
   -0.7490    1.7473   -0.2825
   -2.0243    0.6888   -0.0546
   -1.0804   -1.6448   -0.2730
   -1.8521    0.2264    0.1985
   -1.4042   -1.2720    0.0337
   -1.8525    0.7561    0.1195
   -2.1106    0.1348    0.0007
    1.9195    1.0329    0.1847
   -1.4297    1.3921    0.1850
    1.8249    0.8661   -0.1874
    0.0979    1.8817    0.1035
   -1.5460    1.0941   -0.0235
    0.0058    2.0114   -0.2198
    1.7295    1.0779    0.1366
   -1.8213   -0.6693   -0.2196
    0.8090   -1.9733   -0.1201
   -0.5603    1.6810    0.1940
   -1.7329   -1.0152   -0.2742
    0.0823   -1.8096   -0.0603
   -1.4489   -1.5850    0.0579
    1.0244    1.6319   -0.1831
   -0.3224   -1.9882    0.0568
    1.4128   -1.1452   -0.0385
   -1.0008    1.5112   -0.1743
    0.6095   -1.9166   -0.1308
   -1.5010   -0.9635    0.1946
    0.1675    1.7990    0.0422
   -1.7356    1.3478    0.0568
    1.8589    0.6268    0.2782
    0.0616   -2.2874   -0.0551
   -1.9807    0.0464   -0.2019
    0.3155    1.9951    0.2452
    1.8259   -0.3140   -0.2202
   -0.7195    2.1363   -0.0311
    1.9784   -0.5829    0.2017
   -2.1238   -0.1869    0.0943
    1.0971   -1.6967   -0.0322
   -0.3140    1.7502    0.0551
   -1.0226   -1.4172   -0.0288
   -1.8340    0.3776    0.1849
    1.4183   -1.3897   -0.0218
    0.1954    1.8368    0.1595
   -1.7519    0.5471    0.1848
   -2.0010   -0.4748    0.1796
    0.3819    1.7095    0.1225
   -1.9069   -0.6664    0.0997
   -1.6849   -0.7397   -0.1611
    1.6654   -1.1433   -0.0436
    0.7315   -1.8904   -0.1095
   -0.4677   -2.1812   -0.1543
   -0.7403    1.9233    0.2151
   -0.2933   -2.2273   -0.0142
    0.2454    2.0528   -0.2534
    1.7935    1.0618    0.0802
    1.7913   -0.3256   -0.1160
    0.4602   -1.9856    0.1804
   -0.1689    1.9130    0.0007
   -1.3332    1.1691    0.0707
    2.0169   -0.0622   -0.2664
    0.7646   -1.6547    0.0431
   -0.5789    2.0087    0.1731
    1.5657   -1.5065    0.1053
   -1.6968    0.6685   -0.2350
    1.6789    0.4822   -0.1357
    0.9483   -1.8301    0.2412
   -1.8442    0.2256    0.1253
   -2.0336   -0.4548    0.2107
    0.4039   -2.1116   -0.1546
    1.6449    1.1638   -0.1414
   -1.6581   -0.8557    0.2467
    2.1561    0.4503    0.1369
    1.5076   -1.5531   -0.2456
   -1.9842   -0.9140   -0.0679
   -1.3351   -1.4727    0.2633
    0.8274   -1.6271    0.1590
    0.0265    2.0305   -0.1680
    0.1231    1.9637   -0.0767
    0.1923   -2.1256   -0.1648
    1.9258    0.5621    0.2455
    1.9771   -0.8071    0.1406
    2.0144    0.5554    0.0581
   -1.2043   -1.5768   -0.2444
   -1.5689    1.0137    0.1587
   -2.1418    0.1814   -0.0570
   -0.1319   -2.2199   -0.1925
   -1.5246   -1.0195    0.0775
    1.8462   -0.1891   -0.2293
   -0.6927   -1.6454   -0.1796
   -0.2661    1.8491    0.2437
   -0.3057    2.0009    0.1243
    1.7253    0.0872   -0.1222
   -2.1554   -0.5185    0.1152
   -1.6734   -0.5748   -0.1611
   -1.8087    0.3349    0.2216
   -0.6379   -1.7662   -0.1770
    1.0425    1.8168   -0.0682
   -1.3365   -1.1666   -0.0318
    1.4863   -1.0019   -0.1059
    0.3221    1.8073   -0.1499
    0.6566   -1.6846    0.1414
    1.8126   -0.0179   -0.1181
    0.7388   -1.5918    0.0110
    0.3728   -1.8283    0.1435
   -1.3969   -1.7254    0.0536
   -1.0875   -1.6760    0.1081
   -1.6384    1.2448    0.1095
    1.8101    0.8222    0.0800
    0.2356    2.0087   -0.2939
   -0.9576   -1.6725   -0.0615
    1.0795   -1.7887   -0.0364
    2.7685    0.0683    1.6772
    3.7902   -0.1059   -0.8996
    4.0366    0.2580   -0.5406
    2.8814    0.1797   -1.6121
    1.4939   -0.0058    1.8527
    2.7169   -0.0782   -1.8248
    1.1178   -0.1230   -1.7736
    0.1033   -0.1131   -0.2307
    2.7730   -0.0851    1.6154
    3.8447    0.2092    0.5037
    1.3133    0.0379    2.0928
    0.2544    0.0749    0.9868
    2.3756    0.0927    1.7657
    2.2007   -0.0106   -1.8285
    2.1395    0.0731    1.7128
    1.5842   -0.0733    1.9332
    0.6706    0.0244    1.0888
    3.6810    0.1231   -1.1168
    0.3324    0.0148    0.9701
    4.0521   -0.0094   -0.2118
    0.4049   -0.1872   -1.4242
    0.1406   -0.1176   -0.8192
    0.1541    0.1536    0.5362
    1.0791    0.0071    1.6845
    2.3373   -0.1178    1.6936
    2.2160    0.1676    2.1976
    0.8255   -0.1951    1.8645
    1.8239    0.1614    1.8435
    2.3034   -0.0102   -1.8040
    0.9850   -0.1961    1.6743
    3.1018    0.0806   -1.9342
    2.5030    0.0647   -1.6755
    1.5995   -0.0955    1.7590
    1.1801   -0.0349    1.9978
    0.2482    0.1614   -0.9701
    0.6882   -0.1397    1.4639
    2.7184    0.1545    2.0296
    3.7626   -0.1442   -0.7771
    1.0008   -0.0909   -1.9403
    2.1041    0.0059    2.0764
    0.8438   -0.0998   -1.8224
    3.8728   -0.1783    0.9531
    0.4314    0.0809    0.9373
    1.5197    0.1595    1.9277
    0.1647    0.0148    1.3611
    2.4371    0.1066   -1.8930
    0.1432   -0.1699   -0.8346
    1.2276    0.1195    1.7195
    0.9323    0.1998    1.8633
   -0.0485    0.1084   -0.7009
    3.9495    0.1940   -0.3534
    0.7810   -0.2282   -1.4876
    2.5459   -0.2714   -1.8287
    1.9617   -0.2462   -1.8304
    3.7412    0.0174    0.9444
    0.7817    0.1462   -1.5956
    4.0575    0.2421    0.2863
    3.3507   -0.0875    1.4598
    0.4108    0.2229    0.9625
    2.8812   -0.0573    1.9456
    3.5053    0.2413   -1.3864
    1.1584    0.0135   -1.4795
    2.1724    0.2135    1.7862
    1.6890    0.0933   -2.1936
    2.5068    0.2606   -2.0510
    1.8455    0.2028   -1.8450
    3.7829    0.1585   -0.3769
    0.1066   -0.1231   -0.3537
    3.5924    0.2349   -0.9738
    0.2931    0.1139   -0.5154
    0.0936    0.0473   -0.3388
    2.8371    0.2076   -1.6895
    3.9058   -0.0520    0.5170
    3.9373    0.0335    0.4288
    3.8822   -0.0668   -0.2323
    1.1611   -0.1461    1.8236
    2.2420    0.2208    1.9055
    0.5130   -0.0789    1.6466
    3.9111   -0.1271    0.4871
    3.9056   -0.1035    0.5915
    3.4986    0.2622    1.0995
    3.9913    0.0189   -0.0142
    0.1509   -0.0876    0.5726
    2.0996    0.0540   -2.1556
    0.2345    0.1023   -0.2684
    2.7328    0.1621   -1.7936
    1.0496   -0.1867   -1.7262
   -0.0148   -0.2033    0.9278
    1.7428   -0.1643    1.8658
    3.4008    0.2409    1.3435
    0.1768   -0.0625    0.2631
    0.5868    0.0456    1.4265
    0.9271   -0.0045    1.3643
    0.1629   -0.2369   -0.0327
    3.2816    0.0547   -1.4290
    2.9436   -0.0581   -1.9377
    2.6388    0.0493    1.6333
    3.3092    0.0279   -1.8059
    0.6865   -0.0217   -1.6692
    1.1138   -0.0407    1.7521
    1.5855   -0.0216    1.9511
    2.8909   -0.2207    1.5924
    0.9098    0.2063   -1.9116
    3.8451    0.1118    1.1407
    0.3495    0.1055   -0.9238
    0.2407   -0.1858   -1.2117
    0.2804   -0.2434   -0.7350
    0.5521   -0.2069   -1.6305
   -0.1014    0.2706    0.1444
    1.0101   -0.2393    1.5579
    3.7327   -0.1137    0.2222
    3.5426   -0.0812   -1.5895
    3.1289    0.0342   -1.6947
    2.9908   -0.2234   -1.9171
    0.5796   -0.1126    1.3520
    3.8303   -0.2077   -0.5735
    1.5355   -0.1751   -1.7059
    1.2598    0.1643    2.0728
    0.3436    0.0061    1.1290
    1.1395   -0.0070    1.7714
    3.7997    0.1602   -0.0343
    3.6322   -0.2857   -1.0180
    3.7938    0.0606    1.1570
    0.1351   -0.1436    0.0134
   -0.0355    0.1329   -0.4010
    3.3766    0.1277   -1.4889
    1.4981    0.0044   -2.1293
   -0.0835   -0.1356    0.2261
    3.9272    0.2862   -0.5313
   -0.1698   -0.2279   -0.2538
   -0.1571    0.0117    0.7750
    0.6416    0.0770    1.2159
    3.9313    0.1652    1.0887
    3.4325   -0.1640    1.0569
    0.4779   -0.1122    0.8106
    0.8437    0.0088   -1.5753
   -0.1357   -0.0826    0.4697
    1.0748    0.0884   -1.7809
    1.5725    0.0984    1.8165
    1.1805   -0.2229   -1.7121
    3.2556   -0.0442    1.7307
    3.1343   -0.0050    1.3696
    1.4047   -0.0685   -2.1949
    3.2865    0.1036   -1.7950
    2.4873   -0.0926   -2.1248
    4.0226    0.1264   -0.1469
    1.8424    0.0537   -2.1010
    2.0138    0.2159    2.2026
    2.4654   -0.1296   -2.1798
    0.0078   -0.0885   -0.0258
    3.9177    0.0088    0.3515
    3.6977    0.1272    1.1239
    1.2070    0.0090    1.5259
    2.6186    0.0152    1.9439
    2.2234   -0.0526    2.0111
    3.7313   -0.1209   -1.3166
    2.1822   -0.1363    1.9796
   -0.2060    0.1768    0.0725
   -0.1594   -0.1223    0.2658
    3.5122    0.1247    1.1676
    1.2341   -0.1953   -1.7994
    3.3382    0.2411    1.3802
    2.6547   -0.0053    1.7511
    3.8458    0.0183   -1.0624
    3.1609    0.2151   -1.8299
    3.2643    0.2791   -1.6015
    0.6856   -0.1971    1.3149
    0.1643    0.0703   -1.1414
    3.5253    0.0921    1.0350
    0.3667    0.1106   -1.0196
    0.4125    0.0899   -0.9048
    0.5613    0.0239    1.4900
    1.4735    0.1737   -1.9841
    0.3129    0.2357    0.9042
    1.2005   -0.0118   -1.7191
    2.5360   -0.2000    2.0972
    2.7814   -0.0870    2.1262
    0.9164   -0.1010   -1.5146
    3.0442    0.0952    1.4028
    0.6272   -0.0473    1.1049
    1.1261    0.0483   -1.6372
    3.7210   -0.0284   -0.0305
    1.7091    0.0949   -1.7967
    3.0968    0.1354    1.9376
    2.2829   -0.1407    1.7218
    3.9319   -0.0151    0.0090
    1.4401    0.0589   -1.6866
    3.3232   -0.2475   -1.6103
    3.2691   -0.1188   -1.3733
   -0.0402   -0.0913   -0.0330
    1.2972   -0.2343    1.7107
    3.3829   -0.0014   -1.4791
    3.7242   -0.0135    0.9336
    3.4509    0.0423   -1.6976
    3.1027   -0.2388    1.6673
    3.6247    0.2206    1.2232
    0.7217    0.0258    1.1367
    3.0757    0.1210    1.6472
    3.4094    0.1520   -1.1397
    0.5447   -0.0857   -1.7135
    3.9400   -0.0022   -0.3800
    3.1983    0.2195   -1.5746
    0.1839   -0.1764    0.1930
    0.6352    0.1429    1.3218
   -0.1648    0.1587    0.3146
    0.8368   -0.2589    1.6051
    1.6246    0.1629   -1.7649
    3.4125   -0.1438    1.4269
    0.1245   -0.0314    0.4972
    2.0275   -0.2236    2.0830
    1.8105    0.1818    2.0290
    0.7062   -0.2623   -1.6902
    3.9862   -0.0215   -0.5069
    1.9316    0.0278   -1.9122
    3.9295   -0.2039   -0.6739
    1.4973   -0.2335    2.0342
    0.2693    0.1183   -0.7535
   -0.1070   -0.1367   -0.0276
    1.4266    0.0772    1.7387
    2.0074   -0.0224    2.2751
    0.2898   -0.2176   -1.2801
   -0.2348   -0.0953   -0.2559
    0.1753    0.1820    0.9111
    1.2393    0.1025    1.6130
    1.2187   -0.1224    1.6020
    2.0956    0.1359    2.1785
    3.5035   -0.0242   -1.3180
    3.8148   -0.2327   -0.9063
    4.1847    0.0295    0.2483
    1.2426    0.1872   -1.6890
    2.0365    0.2987   -2.0255