    0.0538    0.0999
    0.0888    0.1368
    0.0928    0.1085
    0.1900    0.0733
    0.0779    0.0931
    0.0112    0.0526
    0.0882    0.0523
    0.0280    0.0363
    0.0330    0.1027
    0.1979    0.0668
    0.0676    0.1144
    0.1673    0.1335
    0.0073    0.1367
    0.1591    0.1902
    0.1686    0.0950
    0.0349    0.0461
    0.1447    0.0152
    0.0181    0.0152
    0.1902    0.1496
    0.0859    0.1392
    0.1303    0.0913
    0.1493    0.1066
    0.1984    0.0714
    0.1652    0.1428
    0.1158    0.0297
    0.1803    0.1629
    0.1748    0.0715
    0.0173    0.0388
    0.0867    0.0373
    0.0628    0.0290
    0.1654    0.0235
    0.1829    0.1794
    0.0213    0.1868
    0.0579    0.1746
    0.1673    0.0407
    0.0954    0.0903
    0.0531    0.0776
    0.0030    0.0406
    0.1264    0.1099
    0.1353    0.1287
    0.1642    0.0153
    0.0616    0.0414
    0.0293    0.0060
    0.1374    0.0980
    0.1301    0.0156
    0.1933    0.1138
    0.1524    0.1379
    0.1400    0.0418
    0.1165    0.1873
    0.0603    0.0178
    0.0528    0.0089
    0.1578    0.1712
    0.1234    0.1529
    0.1283    0.1778
    0.1364    0.0570
    0.0464    0.1769
    0.0538    0.0544
    0.0921    0.1869
    0.1526    0.1212
    0.1561    0.1764
    0.0252    0.1946
    0.0083    0.1984
    0.1102    0.1273
    0.0354    0.1242
    0.1372    0.0186
    0.0163    0.0227
    0.0854    0.1950
    0.1145    0.0165
    0.1605    0.1245
    0.0440    0.0291
    0.0850    0.1912
    0.0275    0.0835
    0.1787    0.1695
    0.1147    0.1732
    0.1891    0.1919
    0.0812    0.0662
    0.0619    0.1473
    0.1131    0.1500
    0.1656    0.1172
    0.1335    0.0965
    0.0313    0.0438
    0.0431    0.1929
    0.1814    0.0860
    0.0938    0.0833
    0.1451    0.1596
    0.0398    0.1969
    0.0894    0.1690
    0.0849    0.1111
    0.1566    0.0138
    0.0177    0.0048
    0.0433    0.0084
    0.0971    0.0900
    0.0987    0.1860
    0.1421    0.1872
    0.1526    0.1418
    0.0927    0.0576
    0.1268    0.1864
    0.1404    0.1469
    0.1034    0.1165
    0.0035    0.0813
    1.0427    0.1898
    1.1826    0.0653
    1.1626    0.1377
    1.1980    0.0663
    1.1619    0.0970
    1.1637    0.1702
    1.0691    0.1744
    1.1517    0.1213
    1.1052    0.0325
    1.1506    0.1980
    1.0290    0.0758
    1.0388    0.0021
    1.0968    0.1617
    1.1053    0.1974
    1.0226    0.1723
    1.0186    0.0114
    1.1336    0.0599
    1.1408    0.0318
    1.0178    0.1463
    1.1649    0.0505
    1.0808    0.1261
    1.0593    0.0863
    1.1442    0.1379
    1.0492    0.0060
    1.1768    0.1814
    1.1292    0.1959
    1.1123    0.0123
    1.1199    0.0521
    1.1313    0.1508
    1.0201    0.0541
    1.0520    0.1395
    1.0838    0.1552
    1.1235    0.0811
    1.1083    0.1655
    1.0762    0.0598
    1.1071    0.1854
    1.0542    0.1125
    1.0843    0.0237
    1.1130    0.1815
    1.1612    0.0710
    1.0884    0.1026
    1.1309    0.1020
    1.1484    0.1772
    1.0182    0.1752
    1.1103    0.0275
    1.1599    0.1206
    1.1941    0.1702
    1.1704    0.1544
    1.0860    0.1424
    1.0566    0.0659
    1.0053    0.1757
    1.1421    0.1863
    1.0736    0.0592
    1.0465    0.0746
    1.1201    0.0591
    1.0784    0.1464
    1.0859    0.1965
    1.0233    0.0239
    1.0346    0.0906
    1.0581    0.0889
    1.1427    0.1248
    1.1234    0.0980
    1.0808    0.0968
    1.1807    0.0169
    1.1622    0.0989
    1.1911    0.0145
    1.1836    0.1060
    1.0975    0.1373
    1.0105    0.1286
    1.0062    0.1324
    1.0008    0.0513
    1.0999    0.1453
    1.0327    0.0151
    1.1980    0.1284
    1.0976    0.0804
    1.1014    0.0572
    1.1055    0.1811
    1.0694    0.0707
    1.1401    0.1524
    1.1768    0.0393
    1.1060    0.1202
    1.0425    0.0809
    1.1998    0.1549
    1.1718    0.0734
    1.0671    0.0339
    1.0081    0.1550
    1.1276    0.1598
    1.0530    0.0022
    1.1906    0.1376
    1.0309    0.1603
    1.1378    0.1950
    1.1216    0.0330
    1.0238    0.0120
    1.0778    0.0961
    1.1176    0.1489
    1.1212    0.1554
    1.0467    0.0908
    1.0765    0.1911
    1.1973    0.0013
    1.0528    0.1043